COND# TEST0 TEST1 TEST2 TEST3 TEST4 TEST5 TEST6 TEST7 TEST8 TEST9 BCKGND TIMING TRIAL_TYPE FIX_ID ---COLOR-PALETTE---
1             1     12    13                                        -4     1       2          -3
2             1     11    14                                        -4     1       2          -3
3             1     12    15                                        -4     1       2          -3
4             1     11    16                                        -4     1       2          -3
5             1     12    17                                        -4     1       2          -3
6             1     11    18                                        -4     1       2          -3
7             1     12    19                                        -4     1       2          -3
8             1     11    20                                        -4     1       2          -3
9             1     12    21                                        -4     1       2          -3
10            1     11    22                                        -4     1       2          -3
11            1     12    23                                        -4     1       2          -3
12            1     11    24                                        -4     1       2          -3
13            1     12    25                                        -4     1       2          -3
14            1     11    26                                        -4     1       2          -3
15            1     12    27                                        -4     1       2          -3
16            1     11    28                                        -4     1       2          -3
17            1     12    29                                        -4     1       2          -3
18            1     11    30                                        -4     1       2          -3
19            2     14    11                                        -4     1       2          -3
20            2     13    12                                        -4     1       2          -3
21            2     14    15                                        -4     1       2          -3
22            2     13    16                                        -4     1       2          -3
23            2     14    17                                        -4     1       2          -3
24            2     13    18                                        -4     1       2          -3
25            2     14    19                                        -4     1       2          -3
26            2     13    20                                        -4     1       2          -3
27            2     14    21                                        -4     1       2          -3
28            2     13    22                                        -4     1       2          -3
29            2     14    23                                        -4     1       2          -3
30            2     13    24                                        -4     1       2          -3
31            2     14    25                                        -4     1       2          -3
32            2     13    26                                        -4     1       2          -3
33            2     14    27                                        -4     1       2          -3
34            2     13    28                                        -4     1       2          -3
35            2     14    29                                        -4     1       2          -3
36            2     13    30                                        -4     1       2          -3
37            3     16    11                                        -4     1       2          -3
38            3     15    12                                        -4     1       2          -3
39            3     16    13                                        -4     1       2          -3
40            3     15    14                                        -4     1       2          -3
41            3     16    17                                        -4     1       2          -3
42            3     15    18                                        -4     1       2          -3
43            3     16    19                                        -4     1       2          -3
44            3     15    20                                        -4     1       2          -3
45            3     16    21                                        -4     1       2          -3
46            3     15    22                                        -4     1       2          -3
47            3     16    23                                        -4     1       2          -3
48            3     15    24                                        -4     1       2          -3
49            3     16    25                                        -4     1       2          -3
50            3     15    26                                        -4     1       2          -3
51            3     16    27                                        -4     1       2          -3
52            3     15    28                                        -4     1       2          -3
53            3     16    29                                        -4     1       2          -3
54            3     15    30                                        -4     1       2          -3
55            4     18    11                                        -4     1       2          -3
56            4     17    12                                        -4     1       2          -3
57            4     18    13                                        -4     1       2          -3
58            4     17    14                                        -4     1       2          -3
59            4     18    15                                        -4     1       2          -3
60            4     17    16                                        -4     1       2          -3
61            4     18    19                                        -4     1       2          -3
62            4     17    20                                        -4     1       2          -3
63            4     18    21                                        -4     1       2          -3
64            4     17    22                                        -4     1       2          -3
65            4     18    23                                        -4     1       2          -3
66            4     17    24                                        -4     1       2          -3
67            4     18    25                                        -4     1       2          -3
68            4     17    26                                        -4     1       2          -3
69            4     18    27                                        -4     1       2          -3
70            4     17    28                                        -4     1       2          -3
71            4     18    29                                        -4     1       2          -3
72            4     17    30                                        -4     1       2          -3
73            5     20    11                                        -4     1       2          -3
74            5     19    12                                        -4     1       2          -3
75            5     20    13                                        -4     1       2          -3
76            5     19    14                                        -4     1       2          -3
77            5     20    15                                        -4     1       2          -3
78            5     19    16                                        -4     1       2          -3
79            5     20    17                                        -4     1       2          -3
80            5     19    18                                        -4     1       2          -3
81            5     20    21                                        -4     1       2          -3
82            5     19    22                                        -4     1       2          -3
83            5     20    23                                        -4     1       2          -3
84            5     19    24                                        -4     1       2          -3
85            5     20    25                                        -4     1       2          -3
86            5     19    26                                        -4     1       2          -3
87            5     20    27                                        -4     1       2          -3
88            5     19    28                                        -4     1       2          -3
89            5     20    29                                        -4     1       2          -3
90            5     19    30                                        -4     1       2          -3
91            6     22    11                                        -4     1       2          -3
92            6     21    12                                        -4     1       2          -3
93            6     22    13                                        -4     1       2          -3
94            6     21    14                                        -4     1       2          -3
95            6     22    15                                        -4     1       2          -3
96            6     21    16                                        -4     1       2          -3
97            6     22    17                                        -4     1       2          -3
98            6     21    18                                        -4     1       2          -3
99            6     22    19                                        -4     1       2          -3
100           6     21    20                                        -4     1       2          -3
101           6     22    23                                        -4     1       2          -3
102           6     21    24                                        -4     1       2          -3
103           6     22    25                                        -4     1       2          -3
104           6     21    26                                        -4     1       2          -3
105           6     22    27                                        -4     1       2          -3
106           6     21    28                                        -4     1       2          -3
107           6     22    29                                        -4     1       2          -3
108           6     21    30                                        -4     1       2          -3
109           7     24    11                                        -4     1       2          -3
110           7     23    12                                        -4     1       2          -3
111           7     24    13                                        -4     1       2          -3
112           7     23    14                                        -4     1       2          -3
113           7     24    15                                        -4     1       2          -3
114           7     23    16                                        -4     1       2          -3
115           7     24    17                                        -4     1       2          -3
116           7     23    18                                        -4     1       2          -3
117           7     24    19                                        -4     1       2          -3
118           7     23    20                                        -4     1       2          -3
119           7     24    21                                        -4     1       2          -3
120           7     23    22                                        -4     1       2          -3
121           7     24    25                                        -4     1       2          -3
122           7     23    26                                        -4     1       2          -3
123           7     24    27                                        -4     1       2          -3
124           7     23    28                                        -4     1       2          -3
125           7     24    29                                        -4     1       2          -3
126           7     23    30                                        -4     1       2          -3
127           8     26    11                                        -4     1       2          -3
128           8     25    12                                        -4     1       2          -3
129           8     26    13                                        -4     1       2          -3
130           8     25    14                                        -4     1       2          -3
131           8     26    15                                        -4     1       2          -3
132           8     25    16                                        -4     1       2          -3
133           8     26    17                                        -4     1       2          -3
134           8     25    18                                        -4     1       2          -3
135           8     26    19                                        -4     1       2          -3
136           8     25    20                                        -4     1       2          -3
137           8     26    21                                        -4     1       2          -3
138           8     25    22                                        -4     1       2          -3
139           8     26    23                                        -4     1       2          -3
140           8     25    24                                        -4     1       2          -3
141           8     26    27                                        -4     1       2          -3
142           8     25    28                                        -4     1       2          -3
143           8     26    29                                        -4     1       2          -3
144           8     25    30                                        -4     1       2          -3
145           9     28    11                                        -4     1       2          -3
146           9     27    12                                        -4     1       2          -3
147           9     28    13                                        -4     1       2          -3
148           9     27    14                                        -4     1       2          -3
149           9     28    15                                        -4     1       2          -3
150           9     27    16                                        -4     1       2          -3
151           9     28    17                                        -4     1       2          -3
152           9     27    18                                        -4     1       2          -3
153           9     28    19                                        -4     1       2          -3
154           9     27    20                                        -4     1       2          -3
155           9     28    21                                        -4     1       2          -3
156           9     27    22                                        -4     1       2          -3
157           9     28    23                                        -4     1       2          -3
158           9     27    24                                        -4     1       2          -3
159           9     28    25                                        -4     1       2          -3
160           9     27    26                                        -4     1       2          -3
161           9     28    29                                        -4     1       2          -3
162           9     27    30                                        -4     1       2          -3
163           10     30    11                                        -4     1       2          -3
164           10     29    12                                        -4     1       2          -3
165           10     30    13                                        -4     1       2          -3
166           10     29    14                                        -4     1       2          -3
167           10     30    15                                        -4     1       2          -3
168           10     29    16                                        -4     1       2          -3
169           10     30    17                                        -4     1       2          -3
170           10     29    18                                        -4     1       2          -3
171           10     30    19                                        -4     1       2          -3
172           10     29    20                                        -4     1       2          -3
173           10     30    21                                        -4     1       2          -3
174           10     29    22                                        -4     1       2          -3
175           10     30    23                                        -4     1       2          -3
176           10     29    24                                        -4     1       2          -3
177           10     30    25                                        -4     1       2          -3
178           10     29    26                                        -4     1       2          -3
179           10     30    27                                        -4     1       2          -3
180           10     29    28                                        -4     1       2          -3
