COND# TEST0 TEST1 TEST2 TEST3 TEST4 TEST5 TEST6 TEST7 TEST8 TEST9 BCKGND TIMING TRIAL_TYPE FIX_ID 
1      0     0     0     0     0     0     0     0     0     0    -4     1       2          -3
2      0     0     0     0     0     0     0     0     0     0    -4     1       2          -3
3      0     0     0     0     0     0     0     0     0     0    -4     1       2          -3
4      0     0     0     0     0     0     0     0     0     0    -4     1       2          -3
5      0     0     0     0     0     0     0     0     0     0    -4     1       2          -3
6      0     0     0     0     0     0     0     0     0     0    -4     1       2          -3
7      0     0     0     0     0     0     0     0     0     0    -4     1       2          -3
8      0     0     0     0     0     0     0     0     0     0    -4     1       2          -3
9      0     0     0     0     0     0     0     0     0     0    -4     1       2          -3
10      0     0     0     0     0     0     0     0     0     0    -4     1       2          -3
11      0     0     0     0     0     0     0     0     0     0    -4     1       2          -3
12      0     0     0     0     0     0     0     0     0     0    -4     1       2          -3
13      0     0     0     0     0     0     0     0     0     0    -4     1       2          -3
14      0     0     0     0     0     0     0     0     0     0    -4     1       2          -3
15      0     0     0     0     0     0     0     0     0     0    -4     1       2          -3
16      0     0     0     0     0     0     0     0     0     0    -4     1       2          -3
17      0     0     0     0     0     0     0     0     0     0    -4     1       2          -3
18      0     0     0     0     0     0     0     0     0     0    -4     1       2          -3
19      0     0     0     0     0     0     0     0     0     0    -4     1       2          -3
20      0     0     0     0     0     0     0     0     0     0    -4     1       2          -3
21      0     0     0     0     0     0     0     0     0     0    -4     1       2          -3
22      0     0     0     0     0     0     0     0     0     0    -4     1       2          -3
23      0     0     0     0     0     0     0     0     0     0    -4     1       2          -3
24      0     0     0     0     0     0     0     0     0     0    -4     1       2          -3
25      0     0     0     0     0     0     0     0     0     0    -4     1       2          -3
26      0     0     0     0     0     0     0     0     0     0    -4     1       2          -3
27      0     0     0     0     0     0     0     0     0     0    -4     1       2          -3
28      0     0     0     0     0     0     0     0     0     0    -4     1       2          -3
29      0     0     0     0     0     0     0     0     0     0    -4     1       2          -3
30      0     0     0     0     0     0     0     0     0     0    -4     1       2          -3
31      0     0     0     0     0     0     0     0     0     0    -4     1       2          -3
32      0     0     0     0     0     0     0     0     0     0    -4     1       2          -3
33      0     0     0     0     0     0     0     0     0     0    -4     1       2          -3
34      0     0     0     0     0     0     0     0     0     0    -4     1       2          -3
35      0     0     0     0     0     0     0     0     0     0    -4     1       2          -3
36      0     0     0     0     0     0     0     0     0     0    -4     1       2          -3
37      0     0     0     0     0     0     0     0     0     0    -4     1       2          -3
38      0     0     0     0     0     0     0     0     0     0    -4     1       2          -3
39      0     0     0     0     0     0     0     0     0     0    -4     1       2          -3
40      0     0     0     0     0     0     0     0     0     0    -4     1       2          -3
41      0     0     0     0     0     0     0     0     0     0    -4     1       2          -3
42      0     0     0     0     0     0     0     0     0     0    -4     1       2          -3
43      0     0     0     0     0     0     0     0     0     0    -4     1       2          -3
44      0     0     0     0     0     0     0     0     0     0    -4     1       2          -3
45      0     0     0     0     0     0     0     0     0     0    -4     1       2          -3
46      0     0     0     0     0     0     0     0     0     0    -4     1       2          -3
47      0     0     0     0     0     0     0     0     0     0    -4     1       2          -3
48      0     0     0     0     0     0     0     0     0     0    -4     1       2          -3
49      0     0     0     0     0     0     0     0     0     0    -4     1       2          -3
50      0     0     0     0     0     0     0     0     0     0    -4     1       2          -3
51      0     0     0     0     0     0     0     0     0     0    -4     1       2          -3
52      0     0     0     0     0     0     0     0     0     0    -4     1       2          -3
53      0     0     0     0     0     0     0     0     0     0    -4     1       2          -3
54      0     0     0     0     0     0     0     0     0     0    -4     1       2          -3
55      0     0     0     0     0     0     0     0     0     0    -4     1       2          -3
56      0     0     0     0     0     0     0     0     0     0    -4     1       2          -3
57      0     0     0     0     0     0     0     0     0     0    -4     1       2          -3
58      0     0     0     0     0     0     0     0     0     0    -4     1       2          -3
59      0     0     0     0     0     0     0     0     0     0    -4     1       2          -3
60      0     0     0     0     0     0     0     0     0     0    -4     1       2          -3
61      0     0     0     0     0     0     0     0     0     0    -4     1       2          -3
62      0     0     0     0     0     0     0     0     0     0    -4     1       2          -3
63      0     0     0     0     0     0     0     0     0     0    -4     1       2          -3
64      0     0     0     0     0     0     0     0     0     0    -4     1       2          -3
65      0     0     0     0     0     0     0     0     0     0    -4     1       2          -3
66      0     0     0     0     0     0     0     0     0     0    -4     1       2          -3
67      0     0     0     0     0     0     0     0     0     0    -4     1       2          -3
68      0     0     0     0     0     0     0     0     0     0    -4     1       2          -3
69      0     0     0     0     0     0     0     0     0     0    -4     1       2          -3
70      0     0     0     0     0     0     0     0     0     0    -4     1       2          -3
71      0     0     0     0     0     0     0     0     0     0    -4     1       2          -3
72      0     0     0     0     0     0     0     0     0     0    -4     1       2          -3
73      0     0     0     0     0     0     0     0     0     0    -4     1       2          -3
74      0     0     0     0     0     0     0     0     0     0    -4     1       2          -3
75      0     0     0     0     0     0     0     0     0     0    -4     1       2          -3
76      0     0     0     0     0     0     0     0     0     0    -4     1       2          -3
77      0     0     0     0     0     0     0     0     0     0    -4     1       2          -3
78      0     0     0     0     0     0     0     0     0     0    -4     1       2          -3
79      0     0     0     0     0     0     0     0     0     0    -4     1       2          -3
80      0     0     0     0     0     0     0     0     0     0    -4     1       2          -3
81      0     0     0     0     0     0     0     0     0     0    -4     1       2          -3
82      0     0     0     0     0     0     0     0     0     0    -4     1       2          -3
83      0     0     0     0     0     0     0     0     0     0    -4     1       2          -3
84      0     0     0     0     0     0     0     0     0     0    -4     1       2          -3
85      0     0     0     0     0     0     0     0     0     0    -4     1       2          -3
86      0     0     0     0     0     0     0     0     0     0    -4     1       2          -3
87      0     0     0     0     0     0     0     0     0     0    -4     1       2          -3
88      0     0     0     0     0     0     0     0     0     0    -4     1       2          -3
89      0     0     0     0     0     0     0     0     0     0    -4     1       2          -3
90      0     0     0     0     0     0     0     0     0     0    -4     1       2          -3
91      0     0     0     0     0     0     0     0     0     0    -4     1       2          -3
92      0     0     0     0     0     0     0     0     0     0    -4     1       2          -3
93      0     0     0     0     0     0     0     0     0     0    -4     1       2          -3
94      0     0     0     0     0     0     0     0     0     0    -4     1       2          -3
95      0     0     0     0     0     0     0     0     0     0    -4     1       2          -3
96      0     0     0     0     0     0     0     0     0     0    -4     1       2          -3
97      0     0     0     0     0     0     0     0     0     0    -4     1       2          -3
98      0     0     0     0     0     0     0     0     0     0    -4     1       2          -3
99      0     0     0     0     0     0     0     0     0     0    -4     1       2          -3
100      0     0     0     0     0     0     0     0     0     0    -4     1       2          -3
101          1     6     2                 31                      -4     1       2          -3    
102          1     5     3                 31                      -4     1       2          -3    
103          1     9     2                 31                      -4     1       2          -3    
104          1     8     3                 31                      -4     1       2          -3    
105          4     3     5                 31                      -4     1       2          -3    
106          4     2     6                 31                      -4     1       2          -3    
107          4     9     5                 31                      -4     1       2          -3    
108          4     8     6                 31                      -4     1       2          -3    
109          7     3     8                 31                      -4     1       2          -3    
110          7     2     9                 31                      -4     1       2          -3    
111          7     6     8                 31                      -4     1       2          -3    
112          7     5     9                 31                      -4     1       2          -3    
